29.1125 
29.822 
28.6876 
30.0849 
27.8662 
28.3442 
27.7058 
28.4032 
28.8528 
27.196 
31.1312 
32.9804 
34.1795 
33.2771 
35.9374 
35.1097 
35.0195 
33.7996 
32.8022 
32.9884 
34.9677 
31.6598 
31.6952 
31.7894 
31.2088 
31.8932 
31.993 
31.6157 
35.6481 
35.4372 
33.8287 
35.568 
35.7895 
36.492 
36.5705 
37.3648 
38.4152 
38.6548 
36.262 
35.0695 
35.1634 
35.6752 
33.7505 
34.5479 
32.5146 
32.3238 
32.0763 
31.4707 
31.0523 
33.2444 
32.1908 
30.7685 
33.4499 
31.9681 
34.5395 
35.929 
34.4318 
38.095 
37.8211 
37.0043 
34.9479 
35.9511 
32.2249 
33.4088 
31.4055 
31.0878 
32.5302 
30.3237 
30.8358 
31.8761 
34.913 
36.4829 
37.6319 
35.1939 
37.3266 
35.289 
35.5186 
35.5861 
34.7064 
35.3421 
34.9259 
33.8184 
34.9222 
33.2077 
30.0135 
31.7413 
29.5731 
31.5223 
31.2863 
30.9075 
30.6628 
30.7926 
31.3982 
