1.61031 
2.47474 
1.93923 
1.5081 
2.04128 
2.11383 
0.973643 
1.19206 
3.42701 
2.8061 
2.93995 
2.6027 
3.01898 
3.50651 
2.2295 
3.38268 
3.3762 
3.22177 
2.7019 
3.56696 
3.34577 
3.23093 
3.48718 
2.69428 
3.57504 
2.25842 
4.16075 
3.02185 
3.288 
3.13968 
3.35503 
3.05627 
2.40389 
2.85502 
2.70862 
2.78544 
3.35971 
8.42968 
10.6351 
19.6678 
29.057 
42.2143 
57.29 
66.6238 
85.5828 
103.315 
84.0399 
51.0385 
40.6914 
26.7198 
18.516 
10.9764 
11.1722 
11.3098 
11.8297 
10.9584 
18.7928 
36.3144 
44.6807 
53.5369 
53.5699 
56.5203 
47.1674 
41.839 
31.6522 
25.1522 
19.3115 
14.9979 
12.1655 
12.0392 
14.1441 
15.8465 
15.7563 
16.203 
17.8833 
21.6285 
20.1591 
20.6173 
17.9221 
17.0031 
11.5364 
6.72191 
5.00897 
2.78417 
2.0356 
0.959392 
1.05927 
0.358829 
0.573341 
1.00167 
2.02315 
2.8625 
4.42042 
3.46374 
5.07906 
6.0415 
7.71664 
5.9791 
7.49763 
9.21384 
8.4928 
7.06641 
4.75728 
5.96446 
1.66467 
0.181334 
1.56667 
6.24502 
23.4199 
42.1075 
67.9842 
102.224 
136.373 
173.277 
148.306 
117.845 
93.3686 
69.6555 
42.856 
29.1372 
25.5897 
17.0513 
12.0905 
10.3862 
10.2842 
10.2824 
9.03429 
8.48488 
6.09856 
6.61112 
6.03665 
6.42312 
5.38374 
5.88695 
4.13561 
4.98811 
9.11287 
14.2441 
22.299 
39.8446 
53.0959 
72.0467 
94.4465 
122.631 
123.673 
107.366 
89.7721 
60.5764 
42.8935 
27.2005 
20.8668 
13.0554 
8.1199 
6.78749 
4.64224 
1.35067 
0.99404 
