14.5785 
11.6105 
7.73467 
7.87768 
4.79981 
2.77056 
1.65668 
1.22648 
1.1956 
1.22014 
2.02839 
2.06407 
2.94585 
3.45767 
5.02233 
5.71665 
8.27177 
11.3982 
11.5415 
12.4544 
9.74443 
10.8203 
8.00824 
8.38981 
5.95965 
5.62118 
3.79077 
2.53862 
2.08191 
1.95766 
2.12402 
2.32199 
2.14538 
2.16449 
2.72157 
2.66766 
3.03689 
4.02415 
4.69722 
5.05073 
5.03773 
5.52313 
5.52087 
4.65725 
4.53558 
4.41417 
3.96075 
3.13122 
2.9873 
2.33674 
1.96314 
1.83354 
1.48043 
1.34721 
1.08108 
1.11395 
1.0231 
1.33191 
1.82744 
1.98546 
2.44223 
3.81848 
4.83601 
9.2815 
15.4365 
26.5646 
49.4107 
74.8526 
120.44 
170.778 
230.941 
246.846 
182.445 
132.037 
86.9094 
54.0818 
34.8948 
19.6071 
9.53791 
6.31076 
4.7778 
2.6229 
2.75879 
2.83391 
2.68672 
2.59841 
2.68956 
2.54823 
2.87833 
2.82539 
2.40041 
2.6001 
2.44735 
2.27142 
2.30253 
2.4383 
2.33371 
2.60069 
2.56661 
2.44122 
2.55323 
2.50163 
2.79259 
2.8785 
3.42622 
2.68956 
2.84222 
2.67064 
2.62097 
2.73331 
2.77345 
3.08324 
2.50149 
2.56795 
2.41254 
2.48765 
2.28948 
2.32178 
2.24699 
2.36508 
2.22329 
2.36414 
2.44836 
2.47605 
2.99303 
2.6105 
2.88665 
2.89797 
3.04517 
3.19461 
3.32898 
3.19381 
3.40854 
3.31558 
3.21292 
3.47919 
5.17435 
8.97696 
15.1864 
25.6667 
38.8544 
60.3472 
91.1928 
126.409 
148.651 
191.591 
172.062 
126.508 
103.092 
80.916 
54.7324 
36.3429 
27.8431 
21.6989 
