53.5219 
31.6399 
16.9375 
6.94554 
2.02765 
1.02505 
1.95256 
2.79594 
2.13157 
2.5894 
5.06816 
6.8128 
9.18789 
8.43972 
9.33705 
8.28726 
8.45056 
10.0823 
7.59267 
4.15118 
3.4199 
2.75533 
2.14092 
3.15315 
3.13304 
3.19585 
2.56911 
3.75149 
3.27967 
3.76964 
2.8475 
4.07484 
3.75164 
3.77672 
2.23219 
3.2068 
4.08874 
1.61122 
2.5653 
3.16686 
3.01644 
1.40686 
2.34006 
1.40563 
3.84439 
1.99078 
2.04406 
4.51737 
5.55589 
9.53245 
18.7498 
36.1968 
47.3155 
78.0091 
95.44 
136.679 
165.475 
178.443 
145.239 
109.949 
77.5849 
47.4056 
33.1401 
20.9816 
11.509 
7.26079 
5.88808 
6.75304 
5.45545 
6.24009 
6.08147 
7.48458 
7.71719 
7.57947 
9.68083 
10.4416 
11.0285 
10.4317 
11.7282 
9.63399 
9.47099 
9.46749 
10.4231 
15.6046 
16.4808 
26.0246 
32.0724 
45.4392 
56.0368 
47.9335 
39.7005 
30.1593 
19.536 
7.54221 
3.68209 
0.895014 
0.245604 
0.631562 
2.46122 
2.49855 
2.91559 
3.17863 
2.96178 
0.629945 
0.460312 
0.452833 
0.458919 
0.222189 
0.337303 
0.803573 
0.863898 
4.68068 
9.82163 
13.5625 
26.8415 
41.8491 
51.1229 
76.5984 
101.065 
116.636 
140.115 
101.996 
65.5557 
44.0897 
25.3188 
12.2897 
8.98834 
6.34998 
8.39075 
11.0095 
16.9611 
14.4316 
10.9019 
9.17528 
7.76941 
4.6462 
5.53275 
3.33863 
11.2231 
20.2678 
37.3229 
57.7593 
84.1216 
110.94 
138.796 
139.214 
106.096 
105.361 
