2.32979 
3.24636 
3.11409 
4.54634 
5.59625 
5.86595 
6.41638 
4.13648 
4.83811 
4.92176 
4.31741 
3.93189 
4.04499 
2.76551 
1.96692 
2.53112 
1.88036 
1.85546 
1.58688 
1.59483 
1.56307 
2.36825 
2.61071 
4.72976 
6.08255 
6.23713 
6.92507 
7.9275 
8.23661 
8.33073 
12.6979 
12.5031 
10.7424 
7.54456 
6.57208 
3.24626 
2.79395 
7.13377 
13.7583 
12.8882 
4.06881 
1.65616 
2.08317 
1.38095 
1.85746 
5.14341 
7.01163 
6.05096 
6.82611 
13.8655 
29.2189 
38.4676 
56.8013 
95.0294 
114.122 
144.092 
182.042 
214.651 
170.902 
131.69 
94.2357 
68.1003 
42.7404 
28.5776 
18.2192 
12.3734 
6.40642 
4.35149 
4.93442 
3.48681 
2.565 
1.94216 
2.77199 
2.74051 
3.68374 
2.05119 
2.71461 
2.47282 
1.76113 
1.81408 
3.41108 
2.25018 
2.91103 
2.51241 
2.44618 
3.72154 
3.21194 
2.79029 
3.78042 
3.19301 
2.04051 
3.54398 
2.09312 
2.13878 
1.94406 
2.15147 
3.29092 
2.74931 
2.00838 
2.61372 
3.07554 
2.57958 
2.7131 
2.74661 
3.07565 
3.00603 
1.22715 
2.29711 
2.13804 
2.2612 
2.65995 
2.41239 
2.90146 
3.11685 
2.33799 
2.05362 
3.4032 
3.49713 
3.06388 
3.30166 
2.4125 
4.70226 
6.70729 
13.147 
19.1003 
31.7011 
53.0882 
86.1138 
137.538 
194.541 
260.168 
206.444 
140.525 
100.634 
54.8078 
39.2849 
23.1186 
10.6959 
4.52476 
2.08118 
1.25529 
3.14166 
2.69412 
2.43721 
2.44161 
2.11414 
2.31102 
2.0201 
2.46946 
2.52097 
2.50381 
