5.37238 
3.71357 
2.97242 
3.0665 
5.13214 
10.6896 
19.6765 
31.4905 
48.9001 
71.5796 
105.714 
147.943 
183.367 
216.908 
175.913 
137.666 
99.6706 
72.8404 
45.9624 
30.3237 
16.781 
7.72237 
4.56238 
3.41562 
3.80032 
4.37213 
4.41843 
6.09998 
11.4766 
21.0313 
40.8897 
64.7835 
98.4822 
141.655 
185.386 
228.955 
180.212 
132.281 
89.1564 
60.1822 
39.8853 
23.5892 
14.2321 
7.90138 
3.93315 
3.17482 
3.27623 
4.86751 
7.4929 
13.668 
22.4024 
33.9659 
54.336 
83.061 
117.748 
132.245 
173.581 
182.762 
141.857 
103.547 
69.932 
45.2789 
28.2255 
17.0255 
8.68343 
