57.8451 
74.7016 
92.5798 
114.312 
112.533 
85.4454 
64.9524 
46.8939 
29.9331 
18.7453 
17.5786 
10.1809 
6.06057 
4.70081 
5.2794 
3.4248 
3.68768 
4.56149 
4.20493 
4.77016 
5.52918 
5.72144 
5.56727 
6.39264 
7.30441 
8.804 
10.8812 
15.573 
23.5738 
34.1365 
52.1903 
70.597 
93.599 
125.509 
137.04 
153.438 
128.493 
93.9531 
63.8598 
34.9258 
17.326 
7.45639 
1.0604 
0.200083 
1.7757 
3.28652 
7.77626 
6.46675 
7.22076 
7.01328 
6.08902 
5.77768 
5.42657 
5.23795 
3.73465 
4.49854 
2.903 
3.43509 
1.78207 
1.4787 
1.37894 
1.40808 
1.77214 
2.3696 
2.24282 
2.91832 
4.78164 
8.93809 
8.88607 
12.9988 
15.6255 
19.2868 
21.8009 
19.1729 
19.6395 
21.6052 
16.431 
13.9619 
12.591 
12.3342 
11.8249 
10.8568 
12.6908 
17.1888 
20.6628 
25.3496 
33.1191 
37.352 
46.8089 
44.1784 
45.5366 
45.1659 
34.8572 
21.6638 
11.1072 
8.04938 
7.28796 
8.45384 
8.50329 
13.3844 
18.6553 
26.4201 
40.3154 
60.0329 
90.594 
102.449 
87.7516 
72.598 
61.0029 
43.7156 
30.0439 
20.8255 
13.386 
7.86911 
4.54677 
2.69278 
2.62166 
2.67734 
2.77084 
2.67457 
2.84804 
2.9306 
2.97195 
2.98298 
3.05722 
3.27949 
3.27571 
3.40022 
3.45088 
3.22453 
3.15771 
3.07711 
2.93384 
2.9565 
2.9303 
2.89417 
2.69878 
2.7274 
2.36671 
2.46758 
2.68728 
2.7231 
2.73223 
2.58833 
2.57665 
2.67094 
2.72325 
2.82889 
2.88595 
2.95903 
3.23566 
2.372 
2.46725 
2.563 
2.46196 
3.89423 
6.99078 
11.5706 
21.0056 
34.9461 
50.4766 
