96.7814 
144.77 
203.301 
242.548 
202.49 
143.609 
108.839 
84.0678 
60.7495 
47.965 
32.8595 
27.4409 
22.3277 
14.9145 
11.5072 
9.21512 
5.46498 
3.89069 
2.58298 
3.60723 
3.90203 
2.91923 
3.90916 
8.41034 
18.8139 
36.3477 
55.9044 
79.0658 
105.927 
126.692 
164.082 
200.023 
159.974 
126.369 
80.0543 
53.1564 
30.8475 
20.4127 
17.79 
16.4402 
20.2971 
25.9367 
43.517 
63.6854 
103.462 
140.525 
176.895 
152.752 
120.342 
97.1029 
68.4992 
48.4225 
26.2504 
10.6116 
3.67599 
2.05096 
2.24058 
2.57236 
2.35902 
4.45218 
2.44794 
1.50088 
2.51343 
9.28803 
23.7431 
37.2463 
64.2804 
