2.66606 
2.22305 
2.27602 
2.45625 
2.18777 
2.05453 
2.16658 
2.27317 
2.39668 
2.71232 
2.50082 
2.55301 
2.66781 
2.55581 
2.46457 
2.72777 
2.33936 
2.72552 
2.71692 
2.58398 
2.63149 
2.71172 
2.72236 
2.71036 
2.87851 
2.55781 
2.97332 
2.82535 
4.9775 
9.57494 
13.0009 
18.7773 
30.9757 
42.6837 
52.5466 
74.6375 
89.0763 
98.6929 
80.3855 
60.3571 
49.1777 
39.2051 
25.8615 
19.1479 
11.0173 
7.25247 
4.83104 
4.11333 
3.67292 
3.04408 
2.18091 
2.18945 
4.20333 
7.85874 
13.6872 
19.7745 
34.1995 
49.8988 
74.5338 
91.7665 
99.8622 
81.9846 
65.7381 
47.5125 
43.6043 
30.3204 
21.1758 
15.3575 
9.2666 
5.60745 
3.17321 
3.18776 
3.2993 
3.51652 
2.10652 
2.08636 
2.29772 
1.3504 
1.18354 
1.21268 
1.45068 
1.21549 
1.13864 
1.33766 
1.28734 
1.00113 
1.09633 
1.37501 
1.16278 
1.23066 
1.17904 
1.13885 
1.25269 
1.29039 
1.48824 
2.11792 
1.8031 
1.17664 
1.21144 
0.822629 
0.713282 
0.879485 
1.05343 
1.34816 
1.05386 
1.22919 
1.92996 
2.92736 
4.91806 
7.76745 
8.40373 
11.1404 
12.4584 
14.4989 
17.4035 
19.0956 
18.6187 
20.0964 
18.0171 
15.2145 
14.7738 
10.351 
11.3817 
8.64913 
7.40964 
6.04663 
5.87612 
6.57167 
8.91413 
16.8022 
22.5897 
32.2071 
36.7823 
57.4475 
73.3816 
96.1357 
127.422 
110.408 
81.6656 
76.5977 
61.8576 
62.8954 
54.1084 
40.6355 
29.0617 
14.6813 
8.51316 
6.72567 
9.96731 
4.96093 
3.92422 
2.39873 
2.27082 
2.57645 
2.53812 
2.3653 
2.47055 
2.42436 
3.08302 
2.72107 
2.55377 
2.83107 
2.87212 
2.41796 
2.86739 
2.70581 
2.51992 
2.92037 
2.88881 
2.74046 
2.93217 
2.73309 
2.31927 
