14.9189 
13.4019 
9.85206 
6.80218 
7.07639 
7.70068 
8.39915 
8.46188 
8.03968 
6.85198 
6.4209 
5.53835 
4.9245 
5.41926 
4.58589 
3.21827 
3.57329 
3.88625 
4.79201 
7.42188 
8.92927 
13.7292 
22.3776 
33.674 
51.4036 
85.6335 
107.67 
140.973 
178.428 
168.919 
131.15 
98.6541 
71.4171 
45.5816 
28.3791 
16.1591 
10.6305 
5.50295 
3.16414 
2.39548 
2.30104 
2.42268 
2.33868 
2.53036 
2.37979 
2.42822 
2.33222 
2.31328 
2.36734 
2.43392 
2.54305 
2.73025 
2.72212 
2.70204 
2.73834 
2.82234 
2.82736 
3.09488 
3.09263 
2.85149 
2.97219 
2.83175 
2.75811 
2.90848 
2.85255 
2.78098 
2.98008 
3.60471 
4.49454 
8.36878 
9.12654 
8.32108 
7.73154 
8.43797 
8.96513 
7.43797 
6.39513 
4.08475 
1.9651 
2.91329 
2.77534 
1.66177 
3.85686 
8.55685 
16.5605 
31.2348 
51.216 
75.5584 
118.201 
137.433 
146.707 
118.408 
90.662 
59.3432 
43.3736 
25.0573 
12.3214 
5.34065 
4.17864 
3.26367 
3.90175 
4.97326 
9.30032 
9.90924 
13.369 
12.9425 
6.74527 
4.59162 
5.02341 
7.70108 
16.1066 
27.0393 
49.2314 
78.5322 
115.154 
137.95 
115.256 
98.4816 
79.9687 
61.1399 
41.8238 
32.0627 
18.1832 
9.96427 
3.71764 
1.59111 
1.31472 
0.79389 
0.686361 
0.5259 
0.875709 
0.93115 
1.42608 
1.21595 
2.3129 
2.69856 
3.27617 
2.32977 
2.23389 
1.33039 
0.739759 
0.920918 
5.32395 
7.72318 
18.0804 
29.7478 
42.0177 
49.9025 
57.192 
50.8043 
33.7916 
27.3604 
