0.64591 
0.224261 
0.786836 
0.454618 
0.332086 
0.370034 
0.654809 
1.00516 
0.638156 
0.164204 
0.339955 
1.02149 
0.186105 
0.587609 
0.876292 
0.169904 
0.127166 
0.271391 
0.344959 
0.707569 
0.73545 
0.8743 
3.68797 
2.18856 
1.52409 
4.34698 
6.13636 
5.58791 
6.65596 
8.04869 
10.231 
12.0961 
14.2673 
23.3101 
37.3779 
48.5823 
60.1514 
76.4687 
84.8981 
96.2502 
71.4342 
62.6064 
45.3443 
29.3852 
18.5064 
11.5431 
7.67312 
3.76009 
4.16181 
3.97313 
3.59592 
3.14412 
5.476 
8.56765 
13.8321 
18.7011 
30.7974 
47.8459 
63.667 
93.0531 
83.912 
84.8948 
63.5115 
54.5967 
42.6363 
31.8952 
19.9244 
15.0595 
10.1129 
2.61227 
3.93367 
2.54213 
2.94265 
2.2966 
1.83176 
3.41802 
3.21492 
2.27691 
1.09198 
3.22444 
2.41715 
2.86829 
2.69143 
2.28622 
2.40308 
1.57024 
2.42149 
2.18092 
4.62513 
2.37191 
2.24672 
2.11769 
2.73107 
3.48239 
2.96708 
2.60954 
2.21285 
3.26048 
2.56158 
3.67719 
4.21979 
2.7273 
2.87006 
2.42509 
3.38625 
3.53272 
3.61788 
2.96284 
2.38192 
2.38766 
1.9734 
3.44607 
2.60298 
3.42974 
3.0891 
3.05014 
2.99166 
4.0214 
5.88906 
7.29646 
9.42586 
13.7709 
21.2738 
30.4055 
42.56 
60.7341 
80.5016 
89.1228 
97.3529 
108.684 
121.288 
121.742 
101.206 
78.2477 
57.2923 
41.1424 
30.5405 
23.2653 
16.9189 
11.0165 
9.28006 
8.92232 
10.4831 
10.8026 
13.6512 
15.4922 
21.6815 
23.1976 
24.1432 
23.7081 
21.7115 
23.764 
16.0576 
17.1783 
13.3457 
10.6067 
5.19884 
3.97917 
2.52932 
2.50384 
1.8518 
0.980532 
1.50398 
0.449235 
0.454254 
0.594204 
