3.27021 
3.31715 
3.40454 
5.69338 
10.6673 
17.2335 
26.627 
36.7511 
52.3314 
66.9556 
96.9964 
120.441 
94.2219 
77.5409 
60.5882 
39.4117 
32.5865 
22.5416 
13.4988 
6.57536 
4.4371 
2.61035 
2.62086 
2.61157 
2.7455 
2.75296 
2.52727 
2.50977 
2.39139 
2.55931 
2.44868 
2.78714 
2.56933 
2.62946 
2.57684 
2.95333 
2.99 
3.08225 
3.63102 
3.19509 
3.13701 
3.05732 
3.11851 
3.15813 
3.20894 
3.16988 
2.91488 
3.05392 
2.97759 
3.12414 
4.98561 
7.62959 
12.603 
19.1526 
23.7906 
30.4871 
39.6408 
50.3897 
57.2256 
66.2392 
54.2696 
37.5899 
28.3228 
20.6476 
16.5999 
10.7985 
7.20125 
6.01283 
5.83829 
6.47692 
10.9505 
22.0641 
30.7754 
41.6522 
53.3582 
76.0079 
102.778 
105.983 
88.6203 
74.7926 
55.3248 
44.0833 
35.9278 
29.6674 
21.6147 
15.189 
11.8839 
9.73201 
10.6668 
9.95903 
10.7653 
10.1213 
8.88482 
8.90449 
9.03623 
9.66699 
8.8772 
8.58187 
7.09669 
6.72888 
6.76865 
3.30675 
1.87841 
0.992386 
0.712608 
1.29498 
2.55339 
3.49834 
5.31717 
9.01975 
14.9801 
9.8229 
6.49672 
6.24136 
7.48936 
6.52607 
5.38053 
6.04841 
5.64913 
2.79873 
2.56499 
3.25154 
5.4038 
3.89342 
0.441083 
0.976982 
5.17928 
14.9753 
30.1222 
49.8478 
88.5669 
125.338 
174.839 
214.231 
192.502 
151.848 
106.482 
69.5792 
46.1003 
25.6766 
17.1108 
8.88493 
6.30878 
4.79778 
5.15053 
4.16775 
3.20122 
3.05611 
3.66718 
2.46776 
2.69113 
2.7969 
3.51253 
2.49176 
2.45396 
2.97285 
