5.76412 
8.08518 
8.96292 
7.17439 
9.58989 
11.4074 
8.21293 
6.78627 
11.452 
11.2956 
10.5135 
10.6113 
12.3484 
17.6586 
23.3006 
27.5257 
38.4994 
51.2114 
63.6431 
80.3581 
101.172 
118.172 
104.339 
93.8224 
64.7797 
47.9444 
26.1907 
18.8927 
10.7317 
5.38945 
3.90286 
2.82914 
4.35068 
6.18793 
12.4684 
18.5556 
35.5191 
45.8073 
58.7458 
69.4035 
53.8916 
49.0158 
41.526 
28.5598 
20.7053 
18.4455 
11.4642 
5.4745 
3.57591 
2.704 
6.83781 
4.33197 
2.04983 
4.81749 
4.1401 
1.80612 
4.0026 
4.23173 
4.24494 
2.6466 
0.652429 
1.93259 
3.57591 
1.5332 
2.65476 
4.25071 
1.84794 
3.11594 
1.70859 
2.86184 
4.05994 
1.98441 
1.56383 
2.176 
1.99882 
1.95277 
3.48736 
4.53029 
12.2742 
17.3681 
24.0821 
35.5731 
54.1403 
71.6319 
86.2443 
100.404 
113.09 
88.2455 
59.9306 
43.7243 
36.1253 
23.8893 
10.1681 
6.34751 
3.87126 
3.05246 
4.3958 
4.8031 
5.26512 
5.9908 
6.20461 
6.17039 
5.39014 
6.00552 
7.51576 
6.18921 
6.19815 
7.17619 
10.7567 
14.424 
21.5049 
34.1246 
52.3846 
82.2673 
127.831 
166.34 
198.234 
218.402 
169.165 
122.043 
81.0917 
53.8788 
26.6716 
10.4671 
2.81294 
0.104311 
1.2667 
4.99779 
7.13214 
6.83089 
5.57323 
10.305 
7.0993 
4.39396 
5.3668 
5.66149 
8.67032 
7.76513 
8.62302 
6.22592 
7.26527 
4.56203 
4.81304 
4.15182 
1.48892 
0.749995 
0.236459 
0.824469 
3.78057 
1.67562 
3.16757 
