7.62711 
3.61998 
3.26004 
5.72613 
12.1611 
20.8699 
29.3484 
51.091 
75.4228 
110.32 
149.437 
199.269 
219.418 
175.349 
130.084 
94.8206 
63.0577 
43.4397 
20.6725 
12.558 
7.40286 
4.50657 
4.02293 
6.09388 
9.47964 
16.5413 
29.9867 
42.4746 
70.0201 
96.761 
133.755 
173.351 
212.048 
184.057 
142.107 
108.847 
76.7388 
55.538 
37.9981 
21.8921 
12.9392 
8.2199 
5.17033 
6.82401 
11.4439 
18.9509 
31.4447 
51.3174 
80.1367 
119.596 
157.551 
199.895 
195.261 
153.559 
113.618 
78.3743 
52.6883 
32.8676 
18.5711 
12.2981 
